-3.076800061007041620e+00
-3.081391433636531563e+00
-3.079411857626977334e+00
-3.085257307204928079e+00
-3.054651611099096442e+00
-3.036959798280723710e+00
-3.018708314758079325e+00
-3.039084474102496713e+00
-3.025838934101395594e+00
-3.062144979972959202e+00
-3.041613356544021762e+00
-3.042732697952565513e+00
-3.047728277201807057e+00
-3.009297555508470445e+00
-2.942841841512333190e+00
-2.963373464941271518e+00
-3.011308224334928951e+00
-2.933192703999794038e+00
-2.963808764377926952e+00
-3.056517180113336174e+00
-3.076136747579756747e+00
-3.127885559180304309e+00
-3.142955211106440050e+00
-3.174027299465831398e+00
-3.167238701108459065e+00
-3.157195721248469145e+00
-3.175602668855633581e+00
-3.165901709981587597e+00
-3.198538803458480295e+00
-3.228833571395271829e+00
-3.258817411163023259e+00
-3.274923490319292529e+00
-3.332652487037708333e+00
-3.318443069712582627e+00
-3.296346441166144281e+00
-3.253272525481810895e+00
-3.205099387825222745e+00
-3.135296013875755960e+00
-3.127522809649757374e+00
-3.063419785466022560e+00
-3.027321025040485392e+00
-3.064269655794731761e+00
-3.058134006592343912e+00
-2.992155049122068533e+00
-2.966192547007233227e+00
-2.978754045036446918e+00
-2.939121067756155448e+00
-2.915697812355146912e+00
-2.906774173903700298e+00
-2.938457754328870131e+00
-2.982391904614213995e+00
-3.032326968562028657e+00
-3.097217677440664563e+00
-3.165279853643507835e+00
-3.186226047964498154e+00
-3.212157457262429183e+00
-3.210374802426600560e+00
-3.196455584725912402e+00
-3.176379989278233396e+00
-3.201368249796743282e+00
-3.185376177635788952e+00
-3.206871678388750535e+00
-3.241477983602895740e+00
-3.302969211166694841e+00
-3.315572166285114086e+00
-3.319645325299537486e+00
-3.283453286423287931e+00
-3.258703404167708317e+00
-3.240172085292928550e+00
-3.194900943880713218e+00
-3.211701429281171194e+00
-3.223827627873729007e+00
-3.155869094393898955e+00
-3.162896071014201560e+00
-3.194196173364221902e+00
-3.216738465619617848e+00
-3.171819709465647730e+00
-3.134985085706716301e+00
-3.102109613966892887e+00
-3.072436702368181116e+00
-3.047023506685316629e+00
-3.138809502185907263e+00
-3.174555877353199218e+00
-3.181489575522789881e+00
-3.217909628389668431e+00
-3.234824120785441348e+00
-3.251334406561462220e+00
-3.233912064822924037e+00
-3.247095419190217935e+00
-3.199533773599408271e+00
-3.159817882140705692e+00
-3.152096499276213937e+00
-3.111572194578008599e+00
-3.049407289314622904e+00
-3.078064502227804144e+00
-3.017226223818988640e+00
-3.030689413538417920e+00
-3.006633937527028344e+00
-2.979272258651513461e+00
-2.945370723953858683e+00
-2.985407907853901754e+00
-2.922299853811094916e+00
-2.951889851231396023e+00
-3.046805856966988468e+00
-3.088926259599599433e+00
-3.100782987112322697e+00
-3.139255165894864419e+00
-3.181479211250488603e+00
-3.217018300971753675e+00
-3.190009007354484005e+00
-3.188941487307447087e+00
-3.160802488009332389e+00
-3.170772917963213366e+00
-3.125377405283381815e+00
-3.134166308194910933e+00
-3.143027761012548993e+00
-3.145950485801524810e+00
-3.166699758948790411e+00
-3.154739388713053927e+00
-3.130880833875389069e+00
-3.149329238571758616e+00
-3.120889675376905537e+00
-3.117552379695876841e+00
-3.103570976361380573e+00
-3.096678735280995021e+00
-3.090418714810991396e+00
-3.093310346783062492e+00
-3.083018624387840578e+00
-3.070032191194272730e+00
-3.110629045798587455e+00
-3.058330927766069074e+00
-3.004063597996298185e+00
-3.009567026588304994e+00
-2.886999142352760117e+00
-2.852973236387489120e+00
-2.795337518119785258e+00
-2.777666433846015526e+00
-2.740707438819467434e+00
-2.698431572102336862e+00
-2.702608373839773481e+00
-2.723989867597420123e+00
-2.749993826801460539e+00
-2.684698911303072588e+00
-2.759145479243536148e+00
-2.758647994173072160e+00
-2.788082527508853659e+00
-2.803722214411562330e+00
-2.839997167466222106e+00
-2.880034351366265177e+00
-2.899975211274027131e+00
-2.980267228792441436e+00
-3.006934501423766726e+00
-3.078188873495419919e+00
-3.083795944810440393e+00
-3.141245106176720370e+00
-3.148945760496609569e+00
-3.183821536790589768e+00
-3.215588031394170265e+00
-3.224470212756410881e+00
-3.247033233556409382e+00
-3.251593513368995492e+00
-3.254951537594626743e+00
-3.242897888908178317e+00
-3.221588945056641062e+00
-3.217339593413095056e+00
-3.215525845760362156e+00
-3.193284117401705036e+00
-3.163642298619897542e+00
-3.174089485099639063e+00
-3.192361697166886891e+00
-3.177748073222009140e+00
-3.203399647167804787e+00
-3.223620342427701679e+00
-3.237798666935923109e+00
-3.269264597642765224e+00
-3.233787693555307818e+00
-3.258278469003353717e+00
-3.256215978815389267e+00
-3.260589701726551048e+00
-3.242856431818972762e+00
-3.224812233742354817e+00
-3.239405129142629569e+00
-3.192102590359353176e+00
-3.196569591721227344e+00
-3.162367493126833740e+00
-3.180038577400603472e+00
-3.187158832471618464e+00
-3.147038734393164283e+00
-3.159724603689994193e+00
-3.139597186880808799e+00
-3.127823373546495755e+00
-3.088884802510393879e+00
-3.089257916313241648e+00
-3.112235508005293916e+00
-3.183935543785903821e+00
-3.218002906840380373e+00
-3.242431496654618162e+00
-3.272508614873082422e+00
-3.276187931540054610e+00
-3.291547783090627899e+00
-3.272622621868396475e+00
